66
Reactant_energy -1367.51248380 Hartree
6       -7.754000000     -4.588000000      2.961000000
6       -6.522000000     -3.893000000      3.549000000
6       -5.216000000     -4.630000000      3.222000000
6       -3.942000000     -3.922000000      3.702000000
7       -3.881000000     -3.876000000      5.166000000
1       -7.688000000     -4.651000000      1.867000000
1       -7.856000000     -5.610000000      3.346000000
1       -6.648000000     -3.811000000      4.638000000
1       -6.462000000     -2.865000000      3.168000000
1       -5.141000000     -4.752000000      2.132000000
1       -5.243000000     -5.641000000      3.653000000
1       -3.899000000     -2.918000000      3.242000000
1       -3.075000000     -4.477000000      3.329000000
6       -1.453000000     -4.067000000      5.533000000
6       -2.731000000     -3.261000000      5.788000000
6       -2.989000000     -3.144000000      7.306000000
6       -3.955000000     -2.026000000      7.758000000
8       -5.230000000     -2.167000000      7.117000000
6       -4.111000000     -2.039000000      9.274000000
6       -5.265000000     -2.490000000      9.878000000
6       -5.396000000     -2.526000000     11.292000000
6       -6.579000000     -2.986000000     11.935000000
6       -6.680000000     -3.012000000     13.303000000
6       -5.595000000     -2.572000000     14.114000000
8       -5.824000000     -2.649000000     15.457000000
6       -4.786000000     -2.228000000     16.337000000
6       -4.431000000     -2.117000000     13.529000000
6       -4.308000000     -2.085000000     12.112000000
6       -3.130000000     -1.617000000     11.466000000
6       -3.037000000     -1.596000000     10.093000000
1       -1.557000000     -5.075000000      5.945000000
1       -1.238000000     -4.163000000      4.462000000
1       -0.597000000     -3.579000000      6.008000000
1       -3.374000000     -4.109000000      7.651000000
1       -2.031000000     -2.977000000      7.809000000
1       -6.100000000     -2.814000000      9.263000000
1       -2.129000000     -1.224000000      9.624000000
1       -7.413000000     -3.323000000     11.323000000
1       -7.581000000     -3.363000000     13.797000000
1       -3.593000000     -1.776000000     14.128000000
1       -4.541000000     -1.168000000     16.186000000
1       -3.881000000     -2.831000000     16.204000000
1       -2.300000000     -1.268000000     12.075000000
1       -5.173000000     -2.371000000     17.347000000
1       -3.515000000     -1.063000000      7.470000000
1       -5.334000000     -1.394000000      6.526000000
1       -4.710000000     -3.425000000      5.546000000
8       -2.479000000     -1.878000000      5.313000000
1       -1.943000000     -1.933000000      4.506000000
1       -8.675000000     -4.047000000      3.208000000
1       -3.809000000     -0.736000000      5.112000000
8       -4.618000000     -0.184000000      5.267000000
6       -5.119000000      0.334000000      4.102000000
6       -4.463000000      0.199000000      2.874000000
6       -6.331000000      1.033000000      4.163000000
6       -5.022000000      0.760000000      1.723000000
1       -3.519000000     -0.338000000      2.818000000
6       -6.871000000      1.587000000      3.004000000
1       -6.837000000      1.132000000      5.118000000
6       -6.230000000      1.463000000      1.761000000
1       -4.499000000      0.642000000      0.776000000
1       -7.814000000      2.124000000      3.068000000
6       -6.818000000      2.089000000      0.516000000
1       -7.896000000      1.898000000      0.442000000
1       -6.685000000      3.178000000      0.510000000
1       -6.345000000      1.696000000     -0.389000000