66
Transition State Energy -1367.48809275 Hartree
6       -7.732000000     -3.860000000      3.039000000
6       -6.373000000     -3.463000000      3.621000000
6       -5.289000000     -4.516000000      3.344000000
6       -3.893000000     -4.150000000      3.854000000
7       -3.862000000     -4.115000000      5.322000000
1       -7.674000000     -3.988000000      1.951000000
1       -8.088000000     -4.802000000      3.467000000
1       -6.474000000     -3.298000000      4.702000000
1       -6.050000000     -2.502000000      3.202000000
1       -5.205000000     -4.671000000      2.260000000
1       -5.586000000     -5.486000000      3.768000000
1       -3.584000000     -3.177000000      3.458000000
1       -3.166000000     -4.893000000      3.508000000
6       -1.531000000     -3.414000000      5.424000000
6       -2.819000000     -3.799000000      6.094000000
6       -2.988000000     -3.714000000      7.483000000
6       -4.015000000     -1.920000000      7.685000000
8       -5.034000000     -1.978000000      6.911000000
6       -4.202000000     -1.970000000      9.171000000
6       -5.425000000     -2.313000000      9.715000000
6       -5.627000000     -2.341000000     11.118000000
6       -6.878000000     -2.694000000     11.699000000
6       -7.045000000     -2.713000000     13.061000000
6       -5.963000000     -2.379000000     13.925000000
8       -6.260000000     -2.437000000     15.254000000
6       -5.232000000     -2.115000000     16.187000000
6       -4.734000000     -2.026000000     13.398000000
6       -4.543000000     -2.002000000     11.990000000
6       -3.294000000     -1.643000000     11.405000000
6       -3.132000000     -1.628000000     10.041000000
1       -0.786000000     -3.127000000      6.167000000
1       -1.134000000     -4.260000000      4.849000000
1       -1.677000000     -2.585000000      4.720000000
1       -3.787000000     -4.296000000      7.933000000
1       -2.092000000     -3.622000000      8.089000000
1       -6.249000000     -2.559000000      9.049000000
1       -2.172000000     -1.346000000      9.611000000
1       -7.707000000     -2.951000000     11.047000000
1       -7.995000000     -2.982000000     13.511000000
1       -3.899000000     -1.766000000     14.039000000
1       -4.882000000     -1.084000000     16.057000000
1       -4.379000000     -2.801000000     16.089000000
1       -2.466000000     -1.374000000     12.059000000
1       -5.678000000     -2.227000000     17.176000000
1       -3.163000000     -1.289000000      7.383000000
1       -4.789000000     -1.156000000      5.610000000
1       -4.738000000     -4.284000000      5.803000000
8       -2.362000000     -0.851000000      3.096000000
1       -1.648000000     -0.352000000      3.514000000
1       -8.489000000     -3.094000000      3.243000000
1       -3.111000000     -0.758000000      3.727000000
8       -4.570000000     -0.584000000      4.790000000
6       -5.230000000      0.608000000      4.803000000
6       -4.961000000      1.528000000      3.781000000
6       -6.165000000      0.939000000      5.794000000
6       -5.620000000      2.755000000      3.755000000
1       -4.223000000      1.271000000      3.025000000
6       -6.814000000      2.174000000      5.749000000
1       -6.367000000      0.232000000      6.593000000
6       -6.563000000      3.104000000      4.732000000
1       -5.393000000      3.457000000      2.955000000
1       -7.534000000      2.417000000      6.529000000
6       -7.295000000      4.426000000      4.675000000
1       -8.159000000      4.382000000      3.997000000
1       -7.675000000      4.715000000      5.662000000
1       -6.646000000      5.232000000      4.317000000
